{
 "cells": [
  {
   "cell_type": "markdown",
   "id": "021134a0",
   "metadata": {},
   "source": [
    "# Update total_results with 2048-ensemble EEMD/CEEMDAN\n",
    "\n",
    "Reads `Data_final/total_results.csv`, recomputes SLR using new decompositions\n",
    "from `Data_mid/*_{EEMD,CEEMDAN}_2048.parquet`, and writes\n",
    "`Data_final/total_results_2048.csv`. Linear SLR is also recomputed from monthly data."
   ]
  },
  {
   "cell_type": "code",
   "execution_count": 36,
   "id": "947380c2",
   "metadata": {
    "execution": {
     "iopub.execute_input": "2025-09-02T14:15:13.622718Z",
     "iopub.status.busy": "2025-09-02T14:15:13.622100Z",
     "iopub.status.idle": "2025-09-02T14:15:13.625857Z",
     "shell.execute_reply": "2025-09-02T14:15:13.625455Z",
     "shell.execute_reply.started": "2025-09-02T14:15:13.622702Z"
    }
   },
   "outputs": [],
   "source": [
    "from pathlib import Path\n",
    "import numpy as np\n",
    "import pandas as pd\n",
    "import matplotlib.dates as mdates\n",
    "\n",
    "DATA_DIR = Path('Data')\n",
    "MID_DIR = Path('Data_mid')\n",
    "FINAL_DIR = Path('Data_final')\n",
    "SRC_CSV = FINAL_DIR / 'total_results.csv'\n",
    "DST_CSV = FINAL_DIR / 'total_results_2048_0.6.csv'\n",
    "TRIALS = 2048\n",
    "EPSILON = 0.6\n"
   ]
  },
  {
   "cell_type": "code",
   "execution_count": 37,
   "id": "94c09884",
   "metadata": {
    "execution": {
     "iopub.execute_input": "2025-09-02T14:15:14.002019Z",
     "iopub.status.busy": "2025-09-02T14:15:13.996088Z",
     "iopub.status.idle": "2025-09-02T14:15:14.028743Z",
     "shell.execute_reply": "2025-09-02T14:15:14.026572Z",
     "shell.execute_reply.started": "2025-09-02T14:15:14.001832Z"
    }
   },
   "outputs": [],
   "source": [
    "# Helpers\n",
    "def load_monthly_txt(station: str) -> pd.DataFrame:\n",
    "    p = DATA_DIR / f'Monthly_{station}.txt'\n",
    "    rows = []\n",
    "    with open(p, 'r', encoding='utf-8', errors='ignore') as f:\n",
    "        for ln in f:\n",
    "            ln = ln.strip()\n",
    "            if not ln: continue\n",
    "            parts = ln.split()\n",
    "            try:\n",
    "                y, mo, d, hh, mm = map(int, parts[:5])\n",
    "                val = float(parts[-1])\n",
    "            except Exception:\n",
    "                continue\n",
    "            rows.append((f'{y:04d}-{mo:02d}-{d:02d} {hh:02d}:{mm:02d}', val))\n",
    "    df = pd.DataFrame(rows, columns=['date','value'])\n",
    "    df['date'] = pd.to_datetime(df['date'])\n",
    "    df = df.sort_values('date').reset_index(drop=True)\n",
    "    return df\n",
    "\n",
    "def compute_slope_from_series(dates: pd.Series, values: pd.Series) -> float:\n",
    "    x = np.arange(len(values))\n",
    "    y = np.asarray(values, dtype=float)\n",
    "    \n",
    "    if len(x) < 2:\n",
    "        return np.nan\n",
    "    \n",
    "    # curve_fit 대신 polyfit 사용하지만 동일한 계산\n",
    "    params = np.polyfit(x, y, deg=1)  # [slope, intercept]\n",
    "    pred = np.poly1d(params)(x)\n",
    "    \n",
    "    # 이전 코드와 완전히 동일한 계산\n",
    "    _slr = (pred[-1] - pred[0]) / len(pred) * 10 * 12\n",
    "    \n",
    "    return float(_slr)\n",
    "\n",
    "def compute_slope_from_parquet(station: str, kind: str) -> float:\n",
    "    # kind in {'EEMD','CEEMDAN'}\n",
    "    p = MID_DIR / f'{station}_{kind}_{TRIALS}_{EPSILON}.parquet'\n",
    "    if not p.exists():\n",
    "        return np.nan\n",
    "    try:\n",
    "        df = pd.read_parquet(p)\n",
    "    except Exception:\n",
    "        return np.nan\n",
    "    # Assume columns like IMF_0 ... IMF_n; take last IMF as trend\n",
    "    imf_cols = [c for c in df.columns if str(c).startswith('IMF_')]\n",
    "    if not imf_cols: return np.nan\n",
    "    # Determine last by numeric order\n",
    "    order = sorted(imf_cols, key=lambda c: int(str(c).split('_')[-1]))\n",
    "    y = df[order[-1]].values\n",
    "    # index is datetime in parquet we wrote; if not, fallback to range index\n",
    "    if isinstance(df.index, pd.DatetimeIndex):\n",
    "        dates = pd.to_datetime(df.index)\n",
    "    else:\n",
    "        # reconstruct from monthly length assuming same as Monthly_* file\n",
    "        mdf = load_monthly_txt(station)\n",
    "        dates = mdf['date'][:len(y)]\n",
    "    return compute_slope_from_series(dates, y)\n",
    "\n",
    "def compute_linear_slope_from_parquet_sum(station: str, kind: str) -> float:\n",
    "    \"\"\"\n",
    "    Compute linear SLR from the reconstructed series (sum of all IMFs)\n",
    "    stored in `<station>_<kind>_<TRIALS>.parquet`.\n",
    "    kind in {'EEMD','CEEMDAN'}.\n",
    "    \"\"\"\n",
    "    p = MID_DIR / f'{station}_{kind}_{TRIALS}_{EPSILON}.parquet'\n",
    "    if not p.exists():\n",
    "        return np.nan\n",
    "    try:\n",
    "        df = pd.read_parquet(p)\n",
    "    except Exception:\n",
    "        return np.nan\n",
    "    imf_cols = [c for c in df.columns if str(c).startswith('IMF_')]\n",
    "    if not imf_cols:\n",
    "        return np.nan\n",
    "    y = df[imf_cols].sum(axis=1).values\n",
    "    if isinstance(df.index, pd.DatetimeIndex):\n",
    "        dates = pd.to_datetime(df.index)\n",
    "    else:\n",
    "        mdf = load_monthly_txt(station)\n",
    "        dates = mdf['date'][:len(y)]\n",
    "    return compute_slope_from_series(dates, y)\n"
   ]
  },
  {
   "cell_type": "code",
   "execution_count": 38,
   "id": "e979b11f",
   "metadata": {
    "execution": {
     "iopub.execute_input": "2025-09-02T14:15:15.240536Z",
     "iopub.status.busy": "2025-09-02T14:15:15.239789Z",
     "iopub.status.idle": "2025-09-02T14:15:15.526270Z",
     "shell.execute_reply": "2025-09-02T14:15:15.525523Z",
     "shell.execute_reply.started": "2025-09-02T14:15:15.240500Z"
    }
   },
   "outputs": [
    {
     "data": {
      "text/plain": [
       "PosixPath('Data_final/total_results_2048_0.6.csv')"
      ]
     },
     "execution_count": 38,
     "metadata": {},
     "output_type": "execute_result"
    }
   ],
   "source": [
    "# Build fresh results from new 2048-ensemble outputs (no dependency on previous SLR results)\n",
    "monthly_files = sorted([p for p in DATA_DIR.glob('Monthly_*.txt')])\n",
    "stations = [p.stem.replace('Monthly_', '') for p in monthly_files]\n",
    "\n",
    "# Optional metadata join: latitude/longitude from previous CSV if available\n",
    "latlon_map = {}\n",
    "if SRC_CSV.exists():\n",
    "    prev = pd.read_csv(SRC_CSV)\n",
    "    if 'station name' in prev.columns:\n",
    "        prev = prev.rename(columns={'station name':'station'})\n",
    "    if {'station','latitude','longitude'}.issubset(prev.columns):\n",
    "        latlon_map = prev.set_index('station')[['latitude','longitude']].to_dict('index')\n",
    "\n",
    "rows = []\n",
    "for s in stations:\n",
    "    m = load_monthly_txt(s)\n",
    "    if m.empty:\n",
    "        continue\n",
    "    dstart = m['date'].iloc[0]\n",
    "    dend = m['date'].iloc[-1]\n",
    "    years = (dend - dstart).days / 365.0\n",
    "    # Linear on original data\n",
    "    slr_lin = compute_slope_from_series(m['date'], m['value'])\n",
    "    # Last-IMF slopes from new 2048 parquets\n",
    "    slr_eemd = compute_slope_from_parquet(s, 'EEMD')\n",
    "    slr_ce = compute_slope_from_parquet(s, 'CEEMDAN')\n",
    "    # Linear on reconstructed (sum of IMFs)\n",
    "    slr_eemd_lin_sum = compute_linear_slope_from_parquet_sum(s, 'EEMD')\n",
    "    slr_ce_lin_sum = compute_linear_slope_from_parquet_sum(s, 'CEEMDAN')\n",
    "    lat = latlon_map.get(s, {}).get('latitude', np.nan)\n",
    "    lon = latlon_map.get(s, {}).get('longitude', np.nan)\n",
    "    rows.append({\n",
    "        'station name': s,\n",
    "        'latitude': lat,\n",
    "        'longitude': lon,\n",
    "        'date start': dstart.strftime('%Y-%m-%d'),\n",
    "        'date end': dend.strftime('%Y-%m-%d'),\n",
    "        'data length (year)': years,\n",
    "        # Match original naming: the methodless column was CEEMDAN in prior results\n",
    "        'yearly slr (mm/yr) CEEMDAN': slr_ce,\n",
    "        'yearly slr (mm/yr) EEMD': slr_eemd,\n",
    "        'yearly slr (mm/yr) Linear': slr_lin,\n",
    "        # 'yearly slr (mm/yr) Linear_from_IMFs_EEMD_2048': slr_eemd_lin_sum,\n",
    "        # 'yearly slr (mm/yr) Linear_from_IMFs_CEEMDAN_2048': slr_ce_lin_sum,\n",
    "    })\n",
    "\n",
    "out = pd.DataFrame(rows)\n",
    "order = ['station name','latitude','longitude','date start','date end','data length (year)',\n",
    "         'yearly slr (mm/yr) CEEMDAN','yearly slr (mm/yr) EEMD','yearly slr (mm/yr) Linear']\n",
    "out = out[[c for c in order if c in out.columns]]\n",
    "out.to_csv(DST_CSV, index=False)\n",
    "DST_CSV\n"
   ]
  },
  {
   "cell_type": "code",
   "execution_count": 39,
   "id": "3d61ca72-8601-475a-8e41-50f43fb22eeb",
   "metadata": {
    "execution": {
     "iopub.execute_input": "2025-09-02T14:15:17.228723Z",
     "iopub.status.busy": "2025-09-02T14:15:17.227719Z",
     "iopub.status.idle": "2025-09-02T14:15:17.240214Z",
     "shell.execute_reply": "2025-09-02T14:15:17.239708Z",
     "shell.execute_reply.started": "2025-09-02T14:15:17.228698Z"
    }
   },
   "outputs": [
    {
     "data": {
      "text/html": [
       "<div>\n",
       "<style scoped>\n",
       "    .dataframe tbody tr th:only-of-type {\n",
       "        vertical-align: middle;\n",
       "    }\n",
       "\n",
       "    .dataframe tbody tr th {\n",
       "        vertical-align: top;\n",
       "    }\n",
       "\n",
       "    .dataframe thead th {\n",
       "        text-align: right;\n",
       "    }\n",
       "</style>\n",
       "<table border=\"1\" class=\"dataframe\">\n",
       "  <thead>\n",
       "    <tr style=\"text-align: right;\">\n",
       "      <th></th>\n",
       "      <th>station name</th>\n",
       "      <th>latitude</th>\n",
       "      <th>longitude</th>\n",
       "      <th>date start</th>\n",
       "      <th>date end</th>\n",
       "      <th>data length (year)</th>\n",
       "      <th>yearly slr (mm/yr) CEEMDAN</th>\n",
       "      <th>yearly slr (mm/yr) EEMD</th>\n",
       "      <th>yearly slr (mm/yr) Linear</th>\n",
       "    </tr>\n",
       "  </thead>\n",
       "  <tbody>\n",
       "    <tr>\n",
       "      <th>0</th>\n",
       "      <td>Anheung</td>\n",
       "      <td>36.673611</td>\n",
       "      <td>126.132222</td>\n",
       "      <td>1989-01-16</td>\n",
       "      <td>2020-12-16</td>\n",
       "      <td>31.936986</td>\n",
       "      <td>2.064728</td>\n",
       "      <td>1.876882</td>\n",
       "      <td>2.848369</td>\n",
       "    </tr>\n",
       "    <tr>\n",
       "      <th>1</th>\n",
       "      <td>Boryeong</td>\n",
       "      <td>36.406389</td>\n",
       "      <td>126.486111</td>\n",
       "      <td>1986-01-16</td>\n",
       "      <td>2020-12-16</td>\n",
       "      <td>34.939726</td>\n",
       "      <td>2.747323</td>\n",
       "      <td>2.593289</td>\n",
       "      <td>3.271571</td>\n",
       "    </tr>\n",
       "    <tr>\n",
       "      <th>2</th>\n",
       "      <td>Busan</td>\n",
       "      <td>35.096111</td>\n",
       "      <td>129.035556</td>\n",
       "      <td>1975-01-16</td>\n",
       "      <td>2020-12-16</td>\n",
       "      <td>45.947945</td>\n",
       "      <td>2.653208</td>\n",
       "      <td>2.322311</td>\n",
       "      <td>2.789885</td>\n",
       "    </tr>\n",
       "    <tr>\n",
       "      <th>3</th>\n",
       "      <td>Chujado</td>\n",
       "      <td>33.961667</td>\n",
       "      <td>126.300278</td>\n",
       "      <td>1986-01-16</td>\n",
       "      <td>2020-12-16</td>\n",
       "      <td>34.939726</td>\n",
       "      <td>2.449173</td>\n",
       "      <td>1.932183</td>\n",
       "      <td>2.937847</td>\n",
       "    </tr>\n",
       "    <tr>\n",
       "      <th>4</th>\n",
       "      <td>Gadeokdo</td>\n",
       "      <td>35.024722</td>\n",
       "      <td>128.810833</td>\n",
       "      <td>1983-01-16</td>\n",
       "      <td>2020-12-16</td>\n",
       "      <td>37.942466</td>\n",
       "      <td>2.197155</td>\n",
       "      <td>1.947798</td>\n",
       "      <td>2.648716</td>\n",
       "    </tr>\n",
       "    <tr>\n",
       "      <th>5</th>\n",
       "      <td>Geomundo</td>\n",
       "      <td>34.028333</td>\n",
       "      <td>127.309167</td>\n",
       "      <td>1985-01-16</td>\n",
       "      <td>2020-12-16</td>\n",
       "      <td>35.939726</td>\n",
       "      <td>1.950057</td>\n",
       "      <td>1.101613</td>\n",
       "      <td>2.909375</td>\n",
       "    </tr>\n",
       "    <tr>\n",
       "      <th>6</th>\n",
       "      <td>Gunsan</td>\n",
       "      <td>35.975556</td>\n",
       "      <td>126.563333</td>\n",
       "      <td>1983-01-16</td>\n",
       "      <td>2020-12-16</td>\n",
       "      <td>37.942466</td>\n",
       "      <td>2.515957</td>\n",
       "      <td>2.477159</td>\n",
       "      <td>3.208162</td>\n",
       "    </tr>\n",
       "    <tr>\n",
       "      <th>7</th>\n",
       "      <td>Heuksando</td>\n",
       "      <td>34.683889</td>\n",
       "      <td>125.436389</td>\n",
       "      <td>1982-01-16</td>\n",
       "      <td>2020-12-16</td>\n",
       "      <td>38.942466</td>\n",
       "      <td>2.555412</td>\n",
       "      <td>2.778307</td>\n",
       "      <td>3.040568</td>\n",
       "    </tr>\n",
       "    <tr>\n",
       "      <th>8</th>\n",
       "      <td>Incheon</td>\n",
       "      <td>37.451944</td>\n",
       "      <td>126.592222</td>\n",
       "      <td>1978-01-16</td>\n",
       "      <td>2020-12-16</td>\n",
       "      <td>42.945205</td>\n",
       "      <td>3.170525</td>\n",
       "      <td>2.811090</td>\n",
       "      <td>3.269977</td>\n",
       "    </tr>\n",
       "    <tr>\n",
       "      <th>9</th>\n",
       "      <td>Jeju</td>\n",
       "      <td>33.527500</td>\n",
       "      <td>126.543056</td>\n",
       "      <td>1978-01-16</td>\n",
       "      <td>2020-12-16</td>\n",
       "      <td>42.945205</td>\n",
       "      <td>3.104326</td>\n",
       "      <td>2.765519</td>\n",
       "      <td>3.502915</td>\n",
       "    </tr>\n",
       "    <tr>\n",
       "      <th>10</th>\n",
       "      <td>Mokpo</td>\n",
       "      <td>34.779722</td>\n",
       "      <td>126.375556</td>\n",
       "      <td>1960-01-16</td>\n",
       "      <td>2020-12-16</td>\n",
       "      <td>60.958904</td>\n",
       "      <td>2.331025</td>\n",
       "      <td>1.936789</td>\n",
       "      <td>2.457058</td>\n",
       "    </tr>\n",
       "    <tr>\n",
       "      <th>11</th>\n",
       "      <td>Mukho</td>\n",
       "      <td>37.550278</td>\n",
       "      <td>129.116389</td>\n",
       "      <td>1977-01-16</td>\n",
       "      <td>2020-12-16</td>\n",
       "      <td>43.945205</td>\n",
       "      <td>2.569101</td>\n",
       "      <td>2.012397</td>\n",
       "      <td>2.867610</td>\n",
       "    </tr>\n",
       "    <tr>\n",
       "      <th>12</th>\n",
       "      <td>Pohang</td>\n",
       "      <td>36.047222</td>\n",
       "      <td>129.383889</td>\n",
       "      <td>1977-01-16</td>\n",
       "      <td>2020-12-16</td>\n",
       "      <td>43.945205</td>\n",
       "      <td>2.434968</td>\n",
       "      <td>2.374580</td>\n",
       "      <td>3.059947</td>\n",
       "    </tr>\n",
       "    <tr>\n",
       "      <th>13</th>\n",
       "      <td>Seogwipo</td>\n",
       "      <td>33.240000</td>\n",
       "      <td>126.561667</td>\n",
       "      <td>1985-01-16</td>\n",
       "      <td>2020-12-16</td>\n",
       "      <td>35.939726</td>\n",
       "      <td>2.374121</td>\n",
       "      <td>1.049513</td>\n",
       "      <td>3.265190</td>\n",
       "    </tr>\n",
       "    <tr>\n",
       "      <th>14</th>\n",
       "      <td>Sokcho</td>\n",
       "      <td>38.207222</td>\n",
       "      <td>128.594167</td>\n",
       "      <td>1977-01-16</td>\n",
       "      <td>2020-12-16</td>\n",
       "      <td>43.945205</td>\n",
       "      <td>2.720371</td>\n",
       "      <td>2.861718</td>\n",
       "      <td>3.004226</td>\n",
       "    </tr>\n",
       "    <tr>\n",
       "      <th>15</th>\n",
       "      <td>Tongyeong</td>\n",
       "      <td>34.827500</td>\n",
       "      <td>128.434722</td>\n",
       "      <td>1979-01-16</td>\n",
       "      <td>2020-12-16</td>\n",
       "      <td>41.945205</td>\n",
       "      <td>1.867275</td>\n",
       "      <td>1.794203</td>\n",
       "      <td>2.300745</td>\n",
       "    </tr>\n",
       "    <tr>\n",
       "      <th>16</th>\n",
       "      <td>Ulleungdo</td>\n",
       "      <td>37.491389</td>\n",
       "      <td>130.913611</td>\n",
       "      <td>1983-01-16</td>\n",
       "      <td>2020-12-16</td>\n",
       "      <td>37.942466</td>\n",
       "      <td>4.069621</td>\n",
       "      <td>3.583321</td>\n",
       "      <td>4.206511</td>\n",
       "    </tr>\n",
       "    <tr>\n",
       "      <th>17</th>\n",
       "      <td>Ulsan</td>\n",
       "      <td>35.501944</td>\n",
       "      <td>129.387222</td>\n",
       "      <td>1977-01-16</td>\n",
       "      <td>2020-12-16</td>\n",
       "      <td>43.945205</td>\n",
       "      <td>2.168456</td>\n",
       "      <td>2.164616</td>\n",
       "      <td>2.697370</td>\n",
       "    </tr>\n",
       "    <tr>\n",
       "      <th>18</th>\n",
       "      <td>Wando</td>\n",
       "      <td>34.315278</td>\n",
       "      <td>126.759722</td>\n",
       "      <td>1985-01-16</td>\n",
       "      <td>2020-12-16</td>\n",
       "      <td>35.939726</td>\n",
       "      <td>2.201949</td>\n",
       "      <td>2.076043</td>\n",
       "      <td>2.765493</td>\n",
       "    </tr>\n",
       "    <tr>\n",
       "      <th>19</th>\n",
       "      <td>Wido</td>\n",
       "      <td>35.618056</td>\n",
       "      <td>126.301944</td>\n",
       "      <td>1985-01-16</td>\n",
       "      <td>2020-12-16</td>\n",
       "      <td>35.939726</td>\n",
       "      <td>2.282205</td>\n",
       "      <td>2.148556</td>\n",
       "      <td>3.406989</td>\n",
       "    </tr>\n",
       "    <tr>\n",
       "      <th>20</th>\n",
       "      <td>Yeosu</td>\n",
       "      <td>34.747222</td>\n",
       "      <td>127.765556</td>\n",
       "      <td>1969-01-16</td>\n",
       "      <td>2020-12-16</td>\n",
       "      <td>51.950685</td>\n",
       "      <td>1.989255</td>\n",
       "      <td>1.286743</td>\n",
       "      <td>2.252925</td>\n",
       "    </tr>\n",
       "  </tbody>\n",
       "</table>\n",
       "</div>"
      ],
      "text/plain": [
       "   station name   latitude   longitude  date start    date end  \\\n",
       "0       Anheung  36.673611  126.132222  1989-01-16  2020-12-16   \n",
       "1      Boryeong  36.406389  126.486111  1986-01-16  2020-12-16   \n",
       "2         Busan  35.096111  129.035556  1975-01-16  2020-12-16   \n",
       "3       Chujado  33.961667  126.300278  1986-01-16  2020-12-16   \n",
       "4      Gadeokdo  35.024722  128.810833  1983-01-16  2020-12-16   \n",
       "5      Geomundo  34.028333  127.309167  1985-01-16  2020-12-16   \n",
       "6        Gunsan  35.975556  126.563333  1983-01-16  2020-12-16   \n",
       "7     Heuksando  34.683889  125.436389  1982-01-16  2020-12-16   \n",
       "8       Incheon  37.451944  126.592222  1978-01-16  2020-12-16   \n",
       "9          Jeju  33.527500  126.543056  1978-01-16  2020-12-16   \n",
       "10        Mokpo  34.779722  126.375556  1960-01-16  2020-12-16   \n",
       "11        Mukho  37.550278  129.116389  1977-01-16  2020-12-16   \n",
       "12       Pohang  36.047222  129.383889  1977-01-16  2020-12-16   \n",
       "13     Seogwipo  33.240000  126.561667  1985-01-16  2020-12-16   \n",
       "14       Sokcho  38.207222  128.594167  1977-01-16  2020-12-16   \n",
       "15    Tongyeong  34.827500  128.434722  1979-01-16  2020-12-16   \n",
       "16    Ulleungdo  37.491389  130.913611  1983-01-16  2020-12-16   \n",
       "17        Ulsan  35.501944  129.387222  1977-01-16  2020-12-16   \n",
       "18        Wando  34.315278  126.759722  1985-01-16  2020-12-16   \n",
       "19         Wido  35.618056  126.301944  1985-01-16  2020-12-16   \n",
       "20        Yeosu  34.747222  127.765556  1969-01-16  2020-12-16   \n",
       "\n",
       "    data length (year)  yearly slr (mm/yr) CEEMDAN  yearly slr (mm/yr) EEMD  \\\n",
       "0            31.936986                    2.064728                 1.876882   \n",
       "1            34.939726                    2.747323                 2.593289   \n",
       "2            45.947945                    2.653208                 2.322311   \n",
       "3            34.939726                    2.449173                 1.932183   \n",
       "4            37.942466                    2.197155                 1.947798   \n",
       "5            35.939726                    1.950057                 1.101613   \n",
       "6            37.942466                    2.515957                 2.477159   \n",
       "7            38.942466                    2.555412                 2.778307   \n",
       "8            42.945205                    3.170525                 2.811090   \n",
       "9            42.945205                    3.104326                 2.765519   \n",
       "10           60.958904                    2.331025                 1.936789   \n",
       "11           43.945205                    2.569101                 2.012397   \n",
       "12           43.945205                    2.434968                 2.374580   \n",
       "13           35.939726                    2.374121                 1.049513   \n",
       "14           43.945205                    2.720371                 2.861718   \n",
       "15           41.945205                    1.867275                 1.794203   \n",
       "16           37.942466                    4.069621                 3.583321   \n",
       "17           43.945205                    2.168456                 2.164616   \n",
       "18           35.939726                    2.201949                 2.076043   \n",
       "19           35.939726                    2.282205                 2.148556   \n",
       "20           51.950685                    1.989255                 1.286743   \n",
       "\n",
       "    yearly slr (mm/yr) Linear  \n",
       "0                    2.848369  \n",
       "1                    3.271571  \n",
       "2                    2.789885  \n",
       "3                    2.937847  \n",
       "4                    2.648716  \n",
       "5                    2.909375  \n",
       "6                    3.208162  \n",
       "7                    3.040568  \n",
       "8                    3.269977  \n",
       "9                    3.502915  \n",
       "10                   2.457058  \n",
       "11                   2.867610  \n",
       "12                   3.059947  \n",
       "13                   3.265190  \n",
       "14                   3.004226  \n",
       "15                   2.300745  \n",
       "16                   4.206511  \n",
       "17                   2.697370  \n",
       "18                   2.765493  \n",
       "19                   3.406989  \n",
       "20                   2.252925  "
      ]
     },
     "execution_count": 39,
     "metadata": {},
     "output_type": "execute_result"
    }
   ],
   "source": [
    "out"
   ]
  },
  {
   "cell_type": "code",
   "execution_count": 47,
   "id": "a542b4e1-531d-413d-ab68-14107f51df42",
   "metadata": {
    "execution": {
     "iopub.execute_input": "2025-09-03T09:52:55.143951Z",
     "iopub.status.busy": "2025-09-03T09:52:55.143021Z",
     "iopub.status.idle": "2025-09-03T09:52:55.155385Z",
     "shell.execute_reply": "2025-09-03T09:52:55.154955Z",
     "shell.execute_reply.started": "2025-09-03T09:52:55.143936Z"
    }
   },
   "outputs": [
    {
     "data": {
      "text/html": [
       "<div>\n",
       "<style scoped>\n",
       "    .dataframe tbody tr th:only-of-type {\n",
       "        vertical-align: middle;\n",
       "    }\n",
       "\n",
       "    .dataframe tbody tr th {\n",
       "        vertical-align: top;\n",
       "    }\n",
       "\n",
       "    .dataframe thead th {\n",
       "        text-align: right;\n",
       "    }\n",
       "</style>\n",
       "<table border=\"1\" class=\"dataframe\">\n",
       "  <thead>\n",
       "    <tr style=\"text-align: right;\">\n",
       "      <th></th>\n",
       "      <th>station name</th>\n",
       "      <th>latitude</th>\n",
       "      <th>longitude</th>\n",
       "      <th>date start</th>\n",
       "      <th>date end</th>\n",
       "      <th>data length (year)</th>\n",
       "      <th>yearly slr (mm/yr) CEEMDAN</th>\n",
       "      <th>yearly slr (mm/yr) EEMD</th>\n",
       "      <th>yearly slr (mm/yr) Linear</th>\n",
       "    </tr>\n",
       "  </thead>\n",
       "  <tbody>\n",
       "    <tr>\n",
       "      <th>0</th>\n",
       "      <td>Incheon</td>\n",
       "      <td>37.451944</td>\n",
       "      <td>126.592222</td>\n",
       "      <td>1978-01-16</td>\n",
       "      <td>2020-12-16</td>\n",
       "      <td>42.945205</td>\n",
       "      <td>3.170525</td>\n",
       "      <td>2.811090</td>\n",
       "      <td>3.269977</td>\n",
       "    </tr>\n",
       "    <tr>\n",
       "      <th>1</th>\n",
       "      <td>Anheung</td>\n",
       "      <td>36.673611</td>\n",
       "      <td>126.132222</td>\n",
       "      <td>1989-01-16</td>\n",
       "      <td>2020-12-16</td>\n",
       "      <td>31.936986</td>\n",
       "      <td>2.064728</td>\n",
       "      <td>1.876882</td>\n",
       "      <td>2.848369</td>\n",
       "    </tr>\n",
       "    <tr>\n",
       "      <th>2</th>\n",
       "      <td>Boryeong</td>\n",
       "      <td>36.406389</td>\n",
       "      <td>126.486111</td>\n",
       "      <td>1986-01-16</td>\n",
       "      <td>2020-12-16</td>\n",
       "      <td>34.939726</td>\n",
       "      <td>2.747323</td>\n",
       "      <td>2.593289</td>\n",
       "      <td>3.271571</td>\n",
       "    </tr>\n",
       "    <tr>\n",
       "      <th>3</th>\n",
       "      <td>Gunsan</td>\n",
       "      <td>35.975556</td>\n",
       "      <td>126.563333</td>\n",
       "      <td>1983-01-16</td>\n",
       "      <td>2020-12-16</td>\n",
       "      <td>37.942466</td>\n",
       "      <td>2.515957</td>\n",
       "      <td>2.477159</td>\n",
       "      <td>3.208162</td>\n",
       "    </tr>\n",
       "    <tr>\n",
       "      <th>4</th>\n",
       "      <td>Wido</td>\n",
       "      <td>35.618056</td>\n",
       "      <td>126.301944</td>\n",
       "      <td>1985-01-16</td>\n",
       "      <td>2020-12-16</td>\n",
       "      <td>35.939726</td>\n",
       "      <td>2.282205</td>\n",
       "      <td>2.148556</td>\n",
       "      <td>3.406989</td>\n",
       "    </tr>\n",
       "    <tr>\n",
       "      <th>5</th>\n",
       "      <td>Mokpo</td>\n",
       "      <td>34.779722</td>\n",
       "      <td>126.375556</td>\n",
       "      <td>1960-01-16</td>\n",
       "      <td>2020-12-16</td>\n",
       "      <td>60.958904</td>\n",
       "      <td>2.331025</td>\n",
       "      <td>1.936789</td>\n",
       "      <td>2.457058</td>\n",
       "    </tr>\n",
       "    <tr>\n",
       "      <th>6</th>\n",
       "      <td>Heuksando</td>\n",
       "      <td>34.683889</td>\n",
       "      <td>125.436389</td>\n",
       "      <td>1982-01-16</td>\n",
       "      <td>2020-12-16</td>\n",
       "      <td>38.942466</td>\n",
       "      <td>2.555412</td>\n",
       "      <td>2.778307</td>\n",
       "      <td>3.040568</td>\n",
       "    </tr>\n",
       "    <tr>\n",
       "      <th>7</th>\n",
       "      <td>Chujado</td>\n",
       "      <td>33.961667</td>\n",
       "      <td>126.300278</td>\n",
       "      <td>1986-01-16</td>\n",
       "      <td>2020-12-16</td>\n",
       "      <td>34.939726</td>\n",
       "      <td>2.449173</td>\n",
       "      <td>1.932183</td>\n",
       "      <td>2.937847</td>\n",
       "    </tr>\n",
       "    <tr>\n",
       "      <th>8</th>\n",
       "      <td>Jeju</td>\n",
       "      <td>33.527500</td>\n",
       "      <td>126.543056</td>\n",
       "      <td>1978-01-16</td>\n",
       "      <td>2020-12-16</td>\n",
       "      <td>42.945205</td>\n",
       "      <td>3.104326</td>\n",
       "      <td>2.765519</td>\n",
       "      <td>3.502915</td>\n",
       "    </tr>\n",
       "    <tr>\n",
       "      <th>9</th>\n",
       "      <td>Seogwipo</td>\n",
       "      <td>33.240000</td>\n",
       "      <td>126.561667</td>\n",
       "      <td>1985-01-16</td>\n",
       "      <td>2020-12-16</td>\n",
       "      <td>35.939726</td>\n",
       "      <td>2.374121</td>\n",
       "      <td>1.049513</td>\n",
       "      <td>3.265190</td>\n",
       "    </tr>\n",
       "    <tr>\n",
       "      <th>10</th>\n",
       "      <td>Wando</td>\n",
       "      <td>34.315278</td>\n",
       "      <td>126.759722</td>\n",
       "      <td>1985-01-16</td>\n",
       "      <td>2020-12-16</td>\n",
       "      <td>35.939726</td>\n",
       "      <td>2.201949</td>\n",
       "      <td>2.076043</td>\n",
       "      <td>2.765493</td>\n",
       "    </tr>\n",
       "    <tr>\n",
       "      <th>11</th>\n",
       "      <td>Geomundo</td>\n",
       "      <td>34.028333</td>\n",
       "      <td>127.309167</td>\n",
       "      <td>1985-01-16</td>\n",
       "      <td>2020-12-16</td>\n",
       "      <td>35.939726</td>\n",
       "      <td>1.950057</td>\n",
       "      <td>1.101613</td>\n",
       "      <td>2.909375</td>\n",
       "    </tr>\n",
       "    <tr>\n",
       "      <th>12</th>\n",
       "      <td>Yeosu</td>\n",
       "      <td>34.747222</td>\n",
       "      <td>127.765556</td>\n",
       "      <td>1969-01-16</td>\n",
       "      <td>2020-12-16</td>\n",
       "      <td>51.950685</td>\n",
       "      <td>1.989255</td>\n",
       "      <td>1.286743</td>\n",
       "      <td>2.252925</td>\n",
       "    </tr>\n",
       "    <tr>\n",
       "      <th>13</th>\n",
       "      <td>Tongyeong</td>\n",
       "      <td>34.827500</td>\n",
       "      <td>128.434722</td>\n",
       "      <td>1979-01-16</td>\n",
       "      <td>2020-12-16</td>\n",
       "      <td>41.945205</td>\n",
       "      <td>1.867275</td>\n",
       "      <td>1.794203</td>\n",
       "      <td>2.300745</td>\n",
       "    </tr>\n",
       "    <tr>\n",
       "      <th>14</th>\n",
       "      <td>Gadeokdo</td>\n",
       "      <td>35.024722</td>\n",
       "      <td>128.810833</td>\n",
       "      <td>1983-01-16</td>\n",
       "      <td>2020-12-16</td>\n",
       "      <td>37.942466</td>\n",
       "      <td>2.197155</td>\n",
       "      <td>1.947798</td>\n",
       "      <td>2.648716</td>\n",
       "    </tr>\n",
       "    <tr>\n",
       "      <th>15</th>\n",
       "      <td>Busan</td>\n",
       "      <td>35.096111</td>\n",
       "      <td>129.035556</td>\n",
       "      <td>1975-01-16</td>\n",
       "      <td>2020-12-16</td>\n",
       "      <td>45.947945</td>\n",
       "      <td>2.653208</td>\n",
       "      <td>2.322311</td>\n",
       "      <td>2.789885</td>\n",
       "    </tr>\n",
       "    <tr>\n",
       "      <th>16</th>\n",
       "      <td>Ulsan</td>\n",
       "      <td>35.501944</td>\n",
       "      <td>129.387222</td>\n",
       "      <td>1977-01-16</td>\n",
       "      <td>2020-12-16</td>\n",
       "      <td>43.945205</td>\n",
       "      <td>2.168456</td>\n",
       "      <td>2.164616</td>\n",
       "      <td>2.697370</td>\n",
       "    </tr>\n",
       "    <tr>\n",
       "      <th>17</th>\n",
       "      <td>Pohang</td>\n",
       "      <td>36.047222</td>\n",
       "      <td>129.383889</td>\n",
       "      <td>1977-01-16</td>\n",
       "      <td>2020-12-16</td>\n",
       "      <td>43.945205</td>\n",
       "      <td>2.434968</td>\n",
       "      <td>2.374580</td>\n",
       "      <td>3.059947</td>\n",
       "    </tr>\n",
       "    <tr>\n",
       "      <th>18</th>\n",
       "      <td>Mukho</td>\n",
       "      <td>37.550278</td>\n",
       "      <td>129.116389</td>\n",
       "      <td>1977-01-16</td>\n",
       "      <td>2020-12-16</td>\n",
       "      <td>43.945205</td>\n",
       "      <td>2.569101</td>\n",
       "      <td>2.012397</td>\n",
       "      <td>2.867610</td>\n",
       "    </tr>\n",
       "    <tr>\n",
       "      <th>19</th>\n",
       "      <td>Sokcho</td>\n",
       "      <td>38.207222</td>\n",
       "      <td>128.594167</td>\n",
       "      <td>1977-01-16</td>\n",
       "      <td>2020-12-16</td>\n",
       "      <td>43.945205</td>\n",
       "      <td>2.720371</td>\n",
       "      <td>2.861718</td>\n",
       "      <td>3.004226</td>\n",
       "    </tr>\n",
       "    <tr>\n",
       "      <th>20</th>\n",
       "      <td>Ulleungdo</td>\n",
       "      <td>37.491389</td>\n",
       "      <td>130.913611</td>\n",
       "      <td>1983-01-16</td>\n",
       "      <td>2020-12-16</td>\n",
       "      <td>37.942466</td>\n",
       "      <td>4.069621</td>\n",
       "      <td>3.583321</td>\n",
       "      <td>4.206511</td>\n",
       "    </tr>\n",
       "  </tbody>\n",
       "</table>\n",
       "</div>"
      ],
      "text/plain": [
       "   station name   latitude   longitude  date start    date end  \\\n",
       "0       Incheon  37.451944  126.592222  1978-01-16  2020-12-16   \n",
       "1       Anheung  36.673611  126.132222  1989-01-16  2020-12-16   \n",
       "2      Boryeong  36.406389  126.486111  1986-01-16  2020-12-16   \n",
       "3        Gunsan  35.975556  126.563333  1983-01-16  2020-12-16   \n",
       "4          Wido  35.618056  126.301944  1985-01-16  2020-12-16   \n",
       "5         Mokpo  34.779722  126.375556  1960-01-16  2020-12-16   \n",
       "6     Heuksando  34.683889  125.436389  1982-01-16  2020-12-16   \n",
       "7       Chujado  33.961667  126.300278  1986-01-16  2020-12-16   \n",
       "8          Jeju  33.527500  126.543056  1978-01-16  2020-12-16   \n",
       "9      Seogwipo  33.240000  126.561667  1985-01-16  2020-12-16   \n",
       "10        Wando  34.315278  126.759722  1985-01-16  2020-12-16   \n",
       "11     Geomundo  34.028333  127.309167  1985-01-16  2020-12-16   \n",
       "12        Yeosu  34.747222  127.765556  1969-01-16  2020-12-16   \n",
       "13    Tongyeong  34.827500  128.434722  1979-01-16  2020-12-16   \n",
       "14     Gadeokdo  35.024722  128.810833  1983-01-16  2020-12-16   \n",
       "15        Busan  35.096111  129.035556  1975-01-16  2020-12-16   \n",
       "16        Ulsan  35.501944  129.387222  1977-01-16  2020-12-16   \n",
       "17       Pohang  36.047222  129.383889  1977-01-16  2020-12-16   \n",
       "18        Mukho  37.550278  129.116389  1977-01-16  2020-12-16   \n",
       "19       Sokcho  38.207222  128.594167  1977-01-16  2020-12-16   \n",
       "20    Ulleungdo  37.491389  130.913611  1983-01-16  2020-12-16   \n",
       "\n",
       "    data length (year)  yearly slr (mm/yr) CEEMDAN  yearly slr (mm/yr) EEMD  \\\n",
       "0            42.945205                    3.170525                 2.811090   \n",
       "1            31.936986                    2.064728                 1.876882   \n",
       "2            34.939726                    2.747323                 2.593289   \n",
       "3            37.942466                    2.515957                 2.477159   \n",
       "4            35.939726                    2.282205                 2.148556   \n",
       "5            60.958904                    2.331025                 1.936789   \n",
       "6            38.942466                    2.555412                 2.778307   \n",
       "7            34.939726                    2.449173                 1.932183   \n",
       "8            42.945205                    3.104326                 2.765519   \n",
       "9            35.939726                    2.374121                 1.049513   \n",
       "10           35.939726                    2.201949                 2.076043   \n",
       "11           35.939726                    1.950057                 1.101613   \n",
       "12           51.950685                    1.989255                 1.286743   \n",
       "13           41.945205                    1.867275                 1.794203   \n",
       "14           37.942466                    2.197155                 1.947798   \n",
       "15           45.947945                    2.653208                 2.322311   \n",
       "16           43.945205                    2.168456                 2.164616   \n",
       "17           43.945205                    2.434968                 2.374580   \n",
       "18           43.945205                    2.569101                 2.012397   \n",
       "19           43.945205                    2.720371                 2.861718   \n",
       "20           37.942466                    4.069621                 3.583321   \n",
       "\n",
       "    yearly slr (mm/yr) Linear  \n",
       "0                    3.269977  \n",
       "1                    2.848369  \n",
       "2                    3.271571  \n",
       "3                    3.208162  \n",
       "4                    3.406989  \n",
       "5                    2.457058  \n",
       "6                    3.040568  \n",
       "7                    2.937847  \n",
       "8                    3.502915  \n",
       "9                    3.265190  \n",
       "10                   2.765493  \n",
       "11                   2.909375  \n",
       "12                   2.252925  \n",
       "13                   2.300745  \n",
       "14                   2.648716  \n",
       "15                   2.789885  \n",
       "16                   2.697370  \n",
       "17                   3.059947  \n",
       "18                   2.867610  \n",
       "19                   3.004226  \n",
       "20                   4.206511  "
      ]
     },
     "execution_count": 47,
     "metadata": {},
     "output_type": "execute_result"
    }
   ],
   "source": [
    "sorted_name = ['Incheon', 'Anheung', 'Boryeong', 'Gunsan', 'Wido', 'Mokpo', 'Heuksando', 'Chujado', 'Jeju', 'Seogwipo', \n",
    "               'Wando', 'Geomundo', 'Yeosu', 'Tongyeong', 'Gadeokdo', 'Busan', 'Ulsan', 'Pohang', 'Mukho', 'Sokcho', 'Ulleungdo']\n",
    "out.set_index('station name').loc[sorted_name].reset_index()#.iloc[14:]['yearly slr (mm/yr) CEEMDAN'].mean()"
   ]
  },
  {
   "cell_type": "code",
   "execution_count": 50,
   "id": "a4aee6f7-52a8-476a-957b-b2878e186899",
   "metadata": {
    "execution": {
     "iopub.execute_input": "2025-09-03T09:53:52.789477Z",
     "iopub.status.busy": "2025-09-03T09:53:52.788939Z",
     "iopub.status.idle": "2025-09-03T09:53:52.794272Z",
     "shell.execute_reply": "2025-09-03T09:53:52.793898Z",
     "shell.execute_reply.started": "2025-09-03T09:53:52.789462Z"
    }
   },
   "outputs": [
    {
     "data": {
      "text/plain": [
       "2.7925034161994065"
      ]
     },
     "execution_count": 50,
     "metadata": {},
     "output_type": "execute_result"
    }
   ],
   "source": [
    "out.set_index('station name').loc[sorted_name].iloc[16:]['yearly slr (mm/yr) CEEMDAN'].mean()"
   ]
  },
  {
   "cell_type": "code",
   "execution_count": 51,
